000000000000000000011111
000000000000000000101111
000000000000000000110111
000000000000000000111011
000000000000000000111101
000000000000000001001111
000000000000000001010111
000000000000000001011011
000000000000000001011101
000000000000000001110011
000000000000000001111001
000000000000000010001111
000000000000000010010111
000000000000000010011011
000000000000000010011101
000000000000000010110011
000000000000000011010101
000000000000000100001111
000000000000000100010111
000000000000000100011011
000000000000000100011101
000000000000000100110101
000000000000000101010011
000000000000000101011001
000000000000000110010011
000000000000000110011001
000000000000001000001111
000000000000001000010111
000000000000001000011011
000000000000001000011101
000000000000001000110101
000000000000001001010011
000000000000001001011001
000000000000001010010011
000000000000001100010011
000000000000001100010101
000000000000010000001111
000000000000010000010111
000000000000010000011011
000000000000010000011101
000000000000010000011110
000000000000010000100111
000000000000010000101101
000000000000010001001011
000000000000010010000111
000000000000010010001011
000000000000010100000111
000000000000010100001011
000000000000010100001101
000000000000011000000111
000000000000011000100101
000000000000011001000011
000000000000011010000011
000000000000100000001111
000000000000100000010111
000000000000100000011011
000000000000100000011101
000000000000100000110011
000000000000100000111001
000000000000100010010011
000000000000100010010101
000000000000100100010011
000000000000100100011001
000000000000101000010011
000000000000110000001011
000000000000111000000011
000000000001000000001111
000000000001000000010111
000000000001000000011011
000000000001000000011101
000000000001000000110101
000000000001000001010011
000000000001000001011001
000000000001000010010011
000000000001000010011001
000000000001000100010101
000000000001001000010101
000000000001010000000111
000000000001010000001101
000000000001100000010011
000000000001100000011001
000000000010000000001111
000000000010000000010111
000000000010000000011011
000000000010000000011101
000000000010000000101011
000000000010000001000111
000000000010000001001101
000000000010000010000111
000000000010000010001011
000000000010000010001101
000000000010000100001011
000000000010001000001011
000000000010100000000111
000000000010100000001101
000000000011000000001011
000000000100000000001111
000000000100000000010111
000000000100000000011011
000000000100000000011101
