000000000000000000011111
000000000000000000101111
000000000000000000110111
000000000000000000111011
000000000000000000111101
000000000000000001001111
000000000000000001010111
000000000000000001011011
000000000000000001011101
000000000000000001110011
000000000000000001111001
000000000000000010001111
000000000000000010010111
000000000000000010011011
000000000000000010011101
000000000000000010110011
000000000000000011010101
000000000000000100001111
000000000000000100010111
000000000000000100011011
000000000000000100011101
000000000000000100110101
000000000000000101010011
000000000000000101011001
000000000000000110010011
000000000000000110011001
000000000000001000001111
000000000000001000010111
000000000000001000011011
000000000000001000011101
000000000000001000110101
000000000000001001010011
