000000000001111111
000000000010111111
000000000011011111
000000000011101111
000000000011110111
000000000011111011
000000000100111111
000000000101011111
000000000101101111
000000000101110111
000000000101111011
000000000110011111
000000000110101111
000000000110110111
000000000111001111
000000000111010111
000000000111011011
000000000111100111
000000000111101011
000000000111110011
000000001000111111
000000001001011111
000000001001101111
000000001001110111
000000001001111011
000000001010011111
000000001010101111
000000001010111011
000000001011001111
000000001011010111
000000001011011011
000000001011101011
000000001011110011
000000001100011111
000000001100101111
000000001100111011
000000001101001111
000000001101011011
000000001101100111
000000001101101011
000000001101110011
000000001110001111
000000001111001011
000000010000111111
000000010001011111
000000010001101111
000000010001110111
000000010001111011
000000010010011111
000000010011001111
000000010011010111
000000010011100111
000000010100101111
000000010101001111
000000010101010111
000000010101100111
000000010111000111
000000011000110111
000000011001110011
000000100000111111
000000100001011111
000000100001101111
000000100001110111
000000100001111011
000000100010110111
000000100011010111
000000100011110011
000000100101001111
000000101001010111
000000101001100111
000000110000011111
000000110000101111
000000110001011011
000000110001101011
000001000000111111
000001000001011111
000001000001101111
000001000001110111
000001000001111011
000001000011001111
000001000100110111
000001000101100111
000001000101110011
000001001001010111
000001001001100111
000001010000011111
000001010000101111
000001010001011011
000001010001101011
000001100001001111
000010000000111111
000010000001011111
000010000001101111
000010000001110111
000010000001111011
000010000010011111
000010000010101111
000010000010110111
000010000011010111
000010000011100111
000010000100011111
000010000100101111
000010000100110111
000010000101010111
000010000101100111
000010000111000111
000010001000110111
000010010000111011
000010100000011111
000010100000101111
000010100001011011
000010100001101011
000011000000011111
000011000000101111
000011000001011011
000011000001101011
000100000000111111
000100000001011111
000100000001101111
000100000001110111
000100000001111011
000100000010111011
000100000100011111
000100000100101111
000100000101001111
000100000101010111
000100000101100111
000100001001011011
000100001001101011
000100010000011111
000100100001110011
000101000001001111
000110000000011111
000110000001010111
000110000001100111
000110000101000111
001000000000111111
001000000001011111
001000000001101111
001000000001110111
001000000001111011
001000000010011111
001000000010101111
001000000011001111
001000000011010111
001000000011100111
001000000100111011
001000001001011011
001000001001101011
001000010000101111
001000100001001111
001001000001110011
001010000000101111
001010000001010111
001010000001100111
001010000011000111
001100000001001111
010000000000111111
010000000001011111
010000000001101111
010000000001110111
010000000001111011
010000000010011111
010000000010101111
010000000010110111
010000000010111011
010000000011010111
010000000011011011
010000000011101011
010000000100011111
010000000100101111
010000000100110111
010000000100111011
010000000101011011
