000000000001111111
000000000010111111
000000000011011111
000000000011101111
000000000011110111
000000000011111011
000000000100111111
000000000101011111
000000000101101111
000000000101110111
000000000101111011
000000000110011111
000000000110101111
000000000110110111
000000000111001111
000000000111010111
000000000111011011
000000000111100111
000000000111101011
000000000111110011
000000001000111111
000000001001011111
000000001001101111
000000001001110111
000000001001111011
000000001010011111
000000001010101111
000000001010111011
000000001011001111
000000001011010111
000000001011011011
000000001011101011
000000001011110011
000000001100011111
000000001100101111
000000001100111011
000000001101001111
000000001101011011
000000001101100111
000000001101101011
000000001101110011
000000001110001111
000000001111001011
000000010000111111
000000010001011111
000000010001101111
000000010001110111
000000010001111011
000000010010011111
000000010011001111
000000010011010111
000000010011100111
000000010100101111
000000010101001111
000000010101010111
000000010101100111
000000010111000111
000000011000110111
000000011001110011
000000100000111111
000000100001011111
000000100001101111
000000100001110111
000000100001111011
000000100010110111
000000100011010111
000000100011110011
000000100101001111
000000101001010111
000000101001100111
000000110000011111
000000110000101111
000000110001011011
000000110001101011
000001000000111111
000001000001011111
000001000001101111
000001000001110111
000001000001111011
000001000011001111
000001000100110111
000001000101100111
000001000101110011
000001001001010111
000001001001100111
000001010000011111
000001010000101111
000001010001011011
000001010001101011
000001100001001111
000010000000111111
000010000001011111
000010000001101111
000010000001110111
000010000001111011
000010000010011111
000010000010101111
000010000010110111
000010000011010111
000010000011100111
