000000000001111111
000000000010111111
000000000011011111
000000000011101111
000000000011110111
000000000011111011
000000000100111111
000000000101011111
000000000101101111
000000000101110111
000000000101111011
000000000110011111
000000000110101111
000000000110110111
000000000111001111
000000000111010111
000000000111011011
000000000111100111
000000000111101011
000000000111110011
000000001000111111
000000001001011111
000000001001101111
000000001001110111
000000001001111011
000000001010011111
000000001010101111
000000001010111011
000000001011001111
000000001011010111
000000001011011011
000000001011101011
000000001011110011
000000001100011111
000000001100101111
000000001100111011
000000001101001111
000000001101011011
000000001101100111
000000001101101011
000000001101110011
000000001110001111
000000001111001011
000000010000111111
000000010001011111
000000010001101111
000000010001110111
000000010001111011
000000010010011111
000000010011001111
000000010011010111
000000010011100111
000000010100101111
000000010101001111
000000010101010111
