000000000111111111111111111111111111
000000001011111111111111111111111111
000000001101111111111111111111111111
000000001110111111111111111111111111
000000001111011111111111111111111111
000000001111101111111111111111111111
000000001111110111111111111111111111
000000001111111011111111111111111111
000000001111111101111111111111111111
000000001111111110111111111111111111
000000001111111111011111111111111111
000000001111111111101111111111111111
000000001111111111110111111111111111
000000001111111111111011111111111111
000000001111111111111101111111111111
000000001111111111111110111111111111
000000001111111111111111011111111111
000000001111111111111111101111111111
000000001111111111111111110111111111
000000001111111111111111111011111111
000000001111111111111111111101111111
000000001111111111111111111110111111
000000001111111111111111111111011111
000000001111111111111111111111101111
000000001111111111111111111111110111
000000001111111111111111111111111011
000000001111111111111111111111111101
000000001111111111111111111111111110
000000010011111111111111111111111111
000000010101111111111111111111111111
000000010110111111111111111111111111
000000010111011111111111111111111111
000000010111101111111111111111111111
000000010111110111111111111111111111
000000010111111011111111111111111111
000000010111111101111111111111111111
000000010111111110111111111111111111
000000010111111111011111111111111111
000000010111111111101111111111111111
000000010111111111110111111111111111
000000010111111111111011111111111111
000000010111111111111101111111111111
000000010111111111111110111111111111
000000010111111111111111011111111111
000000010111111111111111101111111111
000000010111111111111111110111111111
000000010111111111111111111011111111
000000010111111111111111111101111111
000000010111111111111111111110111111
000000010111111111111111111111011111
000000010111111111111111111111101111
000000010111111111111111111111110111
000000010111111111111111111111111011
000000010111111111111111111111111101
000000010111111111111111111111111110
